# The modifications of the output file from Kalibr:
# 1. For each matrix (e.g. cam0/T_cam_imu), remove the brackets and minus sign for each line. Use one pair of brackets for each matrix.
# 2. Add the T_imu_body at the end of the calibration file (usually set to identity).
# cam0:
#   T_cam_imu:
#     [0.014865542981794,   0.999557249008346,  -0.025774436697440,   0.065222909535531,
#     -0.999880929698575,   0.014967213324719,   0.003756188357967,  -0.020706385492719,
#      0.004140296794224,   0.025715529947966,   0.999660727177902,  -0.008054602460030,
#                      0,                   0,                   0,   1.000000000000000]
#   camera_model: pinhole
#   distortion_coeffs: [-0.28340811, 0.07395907, 0.00019359, 1.76187114e-05]
#   distortion_model: radtan
#   intrinsics: [458.654, 457.296, 367.215, 248.375]
#   resolution: [640, 480]
#   timeshift_cam_imu: 0.0
# T_imu_body:
#   [1.0000, 0.0000, 0.0000, 0.0000,
#   0.0000, 1.0000, 0.0000, 0.0000,
#   0.0000, 0.0000, 1.0000, 0.0000,
#   0.0000, 0.0000, 0.0000, 1.0000]
# T_lidar_imu:
#   [1.0000, 0.0000, 0.0000, 0.0000,
#   0.0000, 1.0000, 0.0000, 0.0000,
#   0.0000, 0.0000, 1.0000, 0.0000,
#   0.0000, 0.0000, 0.0000, 1.0000]

cam0:
  T_cam_imu:
  - [-0.03051644212992838, -0.9994256120998991, 0.01473745698799378, 0.024927309998832945]
  - [0.03039516738402226, -0.015665388806547942, -0.9994151936974127, 0.10583825239469875]
  - [0.9990720096967126, -0.030050648450273332, 0.030855760698613177, -0.09891665890483467]
  - [0.0, 0.0, 0.0, 1.0]
  cam_overlaps: []
  camera_model: pinhole
  distortion_coeffs: [-0.03808959007252721, 0.060989752201240484, -0.00045504231013651, 0.00031244516803175307]
  distortion_model: radtan
  intrinsics: [397.3957889663697, 396.7045436436723, 347.3253208461448, 259.67100617565717]
  resolution: [640, 480]
  rostopic: /usb_cam/image_raw
  timeshift_cam_imu: -0.12327770245025328
T_imu_body:
  [1.0000, 0.0000, 0.0000, 0.0000,
   0.0000, 1.0000, 0.0000, 0.0000,
   0.0000, 0.0000, 1.0000, 0.0000,
   0.0000, 0.0000, 0.0000, 1.0000]
T_lidar_imu:
  [1.0000, 0.0000, 0.0000, 0.0000,
   0.0000, 1.0000, 0.0000, 0.040000,
   0.0000, 0.0000, 1.0000, 0.10000,
   0.0000, 0.0000, 0.0000, 1.0000]

